.ORIG X500
0010000000001110
0010001000001110
0111001000000000
1010011000001101
1001011011111111
0010010000001100
0101011011100010
1001011011111111
1011011000001000
0010000000001001
0111000110000000
0001110110111111
0010000000000111
0111000110000000
1000000000000000
0000000110000000
0001011100000000
1111111000000000
1011111111111111
1000000000000010
0011000000000000
1111111111111100
.END
.ORIG X1700
0011000011010000
0011001011010000
0011010011010000
0011101011010000
1010010000111011
0010001000111001
0001010010100001
0000011000000011
1110000010010110
0100100000100110
1111000000100101
0001010010110110
0000011000000011
1110000001110111
0100100000100001
0000111000011011
0001010010111001
0000011000000011
1110000010001100
0100100000011100
1111000000100101
0001010010110000
0001010010110110
0000011000000011
1110000000101010
0100100000010110
0000111000010000
0001010010111010
0000011000000011
1110000010000001
0100100000010001
1111000000100101
0001010010110000
0001010010110110
0000011000000011
1110000001000000
0100100000001011
0000111000000101
0001010010111010
0000011000000011
1110000001110110
0100100000000110
1111000000100101
0010000010100101
0010001010100101
0010010010100101
0010101010100101
1000000000000000
0011001000001100
0011010000001100
0110001000000000
0000010000000110
1010010000001100
0000011111111110
1011001000001011
0001000000100001
0110001000000000
0000101111111010
0010001000000010
0010010000000010
1100000111000000
0000000000000000
0000000000000000
1111111111010000
1111111000000010
1111111000000100
1111111000000110
0000000000001010
0000000001010000
0000000001010010
0000000001000001
0000000001000011
0000000001010100
0000000001001001
0000000001000011
0000000001000101
0000000000100000
0000000001010011
0000000001001111
0000000001000011
0000000001001001
0000000001000001
0000000001001100
0000000000100000
0000000001000100
0000000001001001
0000000001010011
0000000001010100
0000000001000001
0000000001001110
0000000001000011
0000000001001001
0000000001001110
0000000001000111
0000000000001010
0000000000000000
0000000000001010
0000000001010111
0000000001000001
0000000001010011
0000000001001000
0000000000100000
0000000001011001
0000000001001111
0000000001010101
0000000001010010
0000000000100000
0000000001001000
0000000001000001
0000000001001110
0000000001000100
0000000001010011
0000000000100000
0000000001000110
0000000001010010
0000000001000101
0000000001010001
0000000001010101
0000000001000101
0000000001001110
0000000001010100
0000000001001100
0000000001011001
0000000000001010
0000000000000000
0000000000001010
0000000001010011
0000000001010100
0000000001000001
0000000001011001
0000000000100000
0000000001001000
0000000001001111
0000000001001101
0000000001000101
0000000000101100
0000000001010011
0000000001010100
0000000001000001
0000000001011001
0000000000100000
0000000001010011
0000000001000001
0000000001000110
0000000001000101
0000000000001010
0000000000000000
0000000000001010
0000000000100000
0000000000101101
0000000000101101
0000000000101101
0000000000101101
0000000000101101
0000000000101101
0000000000101101
0000000000101101
0000000000101101
0000000000101101
0000000000100000
0000000001000101
0000000001001110
0000000001000100
0000000000100000
0000000001001111
0000000001000110
0000000000100000
0000000001000101
0000000001000101
0000000000110011
0000000000110000
0000000000110110
0000000000100000
0000000001001100
0000000001000001
0000000001000010
0000000001010011
0000000000100000
0000000000101101
0000000000101101
0000000000101101
0000000000101101
0000000000101101
0000000000101101
0000000000101101
0000000000101101
0000000000101101
0000000000101101
0000000000101101
0000000000101101
0000000000101101
0000000000001010
0000000000000000
0000000000000000
0000000000000000
0000000000000000
0000000000000000
.END
.ORIG X3000
1110000000000110
0010001000000100
0001001001111111
0000101111111110
1111000000100010
0000111111111010
1111111111111111
0000000001010111
0000000001001000
0000000001000001
0000000001010100
0000000000100000
0000000001010011
0000000001010100
0000000001000001
0000000001010010
0000000001010100
0000000001010011
0000000000100000
0000000001001000
0000000001000101
0000000001010010
0000000001000101
0000000000100000
0000000001000011
0000000001001000
0000000001000001
0000000001001110
0000000001000111
0000000001000101
0000000001010011
0000000000100000
0000000001010100
0000000001001000
0000000001000101
0000000000100000
0000000001010111
0000000001001111
0000000001010010
0000000001001100
0000000001000100
0000000000001010
0000000000000000
.END
